(kicad_pcb (version 20171130) (host pcbnew "(5.1.9)-1")

  (general
    (thickness 1.6)
    (drawings 4)
    (tracks 464)
    (zones 0)
    (modules 38)
    (nets 41)
  )

  (page A4)
  (layers
    (0 F.Cu signal)
    (31 B.Cu signal)
    (32 B.Adhes user)
    (33 F.Adhes user)
    (34 B.Paste user)
    (35 F.Paste user)
    (36 B.SilkS user)
    (37 F.SilkS user)
    (38 B.Mask user)
    (39 F.Mask user)
    (40 Dwgs.User user)
    (41 Cmts.User user)
    (42 Eco1.User user)
    (43 Eco2.User user)
    (44 Edge.Cuts user)
    (45 Margin user)
    (46 B.CrtYd user)
    (47 F.CrtYd user)
    (48 B.Fab user)
    (49 F.Fab user)
  )

  (setup
    (last_trace_width 0.25)
    (trace_clearance 0.2)
    (zone_clearance 0.508)
    (zone_45_only no)
    (trace_min 0.2)
    (via_size 0.8)
    (via_drill 0.4)
    (via_min_size 0.4)
    (via_min_drill 0.3)
    (uvia_size 0.3)
    (uvia_drill 0.1)
    (uvias_allowed no)
    (uvia_min_size 0.2)
    (uvia_min_drill 0.1)
    (edge_width 0.05)
    (segment_width 0.2)
    (pcb_text_width 0.3)
    (pcb_text_size 1.5 1.5)
    (mod_edge_width 0.12)
    (mod_text_size 1 1)
    (mod_text_width 0.15)
    (pad_size 1.524 1.524)
    (pad_drill 0.762)
    (pad_to_mask_clearance 0)
    (aux_axis_origin 0 0)
    (visible_elements 7FFFFFFF)
    (pcbplotparams
      (layerselection 0x010fc_ffffffff)
      (usegerberextensions false)
      (usegerberattributes true)
      (usegerberadvancedattributes true)
      (creategerberjobfile true)
      (excludeedgelayer true)
      (linewidth 0.100000)
      (plotframeref false)
      (viasonmask false)
      (mode 1)
      (useauxorigin false)
      (hpglpennumber 1)
      (hpglpenspeed 20)
      (hpglpendiameter 15.000000)
      (psnegative false)
      (psa4output false)
      (plotreference true)
      (plotvalue true)
      (plotinvisibletext false)
      (padsonsilk false)
      (subtractmaskfromsilk false)
      (outputformat 1)
      (mirror false)
      (drillshape 1)
      (scaleselection 1)
      (outputdirectory ""))
  )

  (net 0 "")
  (net 1 "Net-(C1-Pad2)")
  (net 2 "Net-(C2-Pad2)")
  (net 3 "Net-(C3-Pad2)")
  (net 4 "Net-(C5-Pad1)")
  (net 5 "Net-(C6-Pad1)")
  (net 6 "Net-(C7-Pad1)")
  (net 7 "Net-(C8-Pad1)")
  (net 8 "Net-(D1-Pad2)")
  (net 9 "Net-(D5-Pad2)")
  (net 10 "Net-(D6-Pad2)")
  (net 11 "Net-(J1-Pad1)")
  (net 12 "Net-(J1-Pad3)")
  (net 13 "Net-(J1-Pad4)")
  (net 14 "Net-(R1-Pad1)")
  (net 15 "Net-(R10-Pad2)")
  (net 16 "Net-(R11-Pad2)")
  (net 17 "Net-(U1-Pad6)")
  (net 18 "Net-(U1-Pad1)")
  (net 19 "Net-(U1-Pad5)")
  (net 20 "Net-(U2-Pad1)")
  (net 21 "Net-(U2-Pad2)")
  (net 22 "Net-(U2-Pad9)")
  (net 23 "Net-(U2-Pad19)")
  (net 24 "Net-(U2-Pad20)")
  (net 25 "Net-(U2-Pad22)")
  (net 26 "Net-(U2-Pad23)")
  (net 27 "Net-(U2-Pad24)")
  (net 28 "Net-(U2-Pad25)")
  (net 29 "Net-(U2-Pad26)")
  (net 30 "Net-(U2-Pad27)")
  (net 31 "Net-(U2-Pad28)")
  (net 32 "Net-(U2-Pad30)")
  (net 33 "Net-(U2-Pad31)")
  (net 34 "Net-(U2-Pad32)")
  (net 35 "Net-(R2-Pad2)")
  (net 36 "Net-(R3-Pad2)")
  (net 37 "Net-(R5-Pad1)")
  (net 38 "Net-(R6-Pad1)")
  (net 39 "Net-(BT1-Pad2)")
  (net 40 "Net-(BT1-Pad1)")

  (net_class Default "This is the default net class."
    (clearance 0.2)
    (trace_width 0.25)
    (via_dia 0.8)
    (via_drill 0.4)
    (uvia_dia 0.3)
    (uvia_drill 0.1)
    (add_net "Net-(BT1-Pad1)")
    (add_net "Net-(BT1-Pad2)")
    (add_net "Net-(C1-Pad2)")
    (add_net "Net-(C2-Pad2)")
    (add_net "Net-(C3-Pad2)")
    (add_net "Net-(C5-Pad1)")
    (add_net "Net-(C6-Pad1)")
    (add_net "Net-(C7-Pad1)")
    (add_net "Net-(C8-Pad1)")
    (add_net "Net-(D1-Pad2)")
    (add_net "Net-(D5-Pad2)")
    (add_net "Net-(D6-Pad2)")
    (add_net "Net-(J1-Pad1)")
    (add_net "Net-(J1-Pad3)")
    (add_net "Net-(J1-Pad4)")
    (add_net "Net-(R1-Pad1)")
    (add_net "Net-(R10-Pad2)")
    (add_net "Net-(R11-Pad2)")
    (add_net "Net-(R2-Pad2)")
    (add_net "Net-(R3-Pad2)")
    (add_net "Net-(R5-Pad1)")
    (add_net "Net-(R6-Pad1)")
    (add_net "Net-(U1-Pad1)")
    (add_net "Net-(U1-Pad5)")
    (add_net "Net-(U1-Pad6)")
    (add_net "Net-(U2-Pad1)")
    (add_net "Net-(U2-Pad19)")
    (add_net "Net-(U2-Pad2)")
    (add_net "Net-(U2-Pad20)")
    (add_net "Net-(U2-Pad22)")
    (add_net "Net-(U2-Pad23)")
    (add_net "Net-(U2-Pad24)")
    (add_net "Net-(U2-Pad25)")
    (add_net "Net-(U2-Pad26)")
    (add_net "Net-(U2-Pad27)")
    (add_net "Net-(U2-Pad28)")
    (add_net "Net-(U2-Pad30)")
    (add_net "Net-(U2-Pad31)")
    (add_net "Net-(U2-Pad32)")
    (add_net "Net-(U2-Pad9)")
  )

  (module Connector_JST:JST_EH_S2B-EH_1x02_P2.50mm_Horizontal (layer F.Cu) (tedit 5C281425) (tstamp 60CF8E29)
    (at 147.32 97.79)
    (descr "JST EH series connector, S2B-EH (http://www.jst-mfg.com/product/pdf/eng/eEH.pdf), generated with kicad-footprint-generator")
    (tags "connector JST EH horizontal")
    (path /60D03256)
    (fp_text reference BT1 (at 1.25 -7.9) (layer F.SilkS)
      (effects (font (size 1 1) (thickness 0.15)))
    )
    (fp_text value Battery_Cell (at 1.25 2.7) (layer F.Fab)
      (effects (font (size 1 1) (thickness 0.15)))
    )
    (fp_text user %R (at 1.25 -2.6) (layer F.Fab)
      (effects (font (size 1 1) (thickness 0.15)))
    )
    (fp_line (start -1.5 -0.7) (end -1.5 1.5) (layer F.Fab) (width 0.1))
    (fp_line (start -1.5 1.5) (end -2.5 1.5) (layer F.Fab) (width 0.1))
    (fp_line (start -2.5 1.5) (end -2.5 -6.7) (layer F.Fab) (width 0.1))
    (fp_line (start -2.5 -6.7) (end 5 -6.7) (layer F.Fab) (width 0.1))
    (fp_line (start 5 -6.7) (end 5 1.5) (layer F.Fab) (width 0.1))
    (fp_line (start 5 1.5) (end 4 1.5) (layer F.Fab) (width 0.1))
    (fp_line (start 4 1.5) (end 4 -0.7) (layer F.Fab) (width 0.1))
    (fp_line (start 4 -0.7) (end -1.5 -0.7) (layer F.Fab) (width 0.1))
    (fp_line (start -3 -7.2) (end -3 2) (layer F.CrtYd) (width 0.05))
    (fp_line (start -3 2) (end 5.5 2) (layer F.CrtYd) (width 0.05))
    (fp_line (start 5.5 2) (end 5.5 -7.2) (layer F.CrtYd) (width 0.05))
    (fp_line (start 5.5 -7.2) (end -3 -7.2) (layer F.CrtYd) (width 0.05))
    (fp_line (start -1.39 -0.59) (end -1.39 1.61) (layer F.SilkS) (width 0.12))
    (fp_line (start -1.39 1.61) (end -2.61 1.61) (layer F.SilkS) (width 0.12))
    (fp_line (start -2.61 1.61) (end -2.61 -6.81) (layer F.SilkS) (width 0.12))
    (fp_line (start -2.61 -6.81) (end 5.11 -6.81) (layer F.SilkS) (width 0.12))
    (fp_line (start 5.11 -6.81) (end 5.11 1.61) (layer F.SilkS) (width 0.12))
    (fp_line (start 5.11 1.61) (end 3.89 1.61) (layer F.SilkS) (width 0.12))
    (fp_line (start 3.89 1.61) (end 3.89 -0.59) (layer F.SilkS) (width 0.12))
    (fp_line (start -2.61 -5.59) (end -1.39 -5.59) (layer F.SilkS) (width 0.12))
    (fp_line (start -1.39 -5.59) (end -1.39 -0.59) (layer F.SilkS) (width 0.12))
    (fp_line (start -1.39 -0.59) (end -2.61 -0.59) (layer F.SilkS) (width 0.12))
    (fp_line (start 5.11 -5.59) (end 3.89 -5.59) (layer F.SilkS) (width 0.12))
    (fp_line (start 3.89 -5.59) (end 3.89 -0.59) (layer F.SilkS) (width 0.12))
    (fp_line (start 3.89 -0.59) (end 5.11 -0.59) (layer F.SilkS) (width 0.12))
    (fp_line (start -1.39 -1.59) (end 3.89 -1.59) (layer F.SilkS) (width 0.12))
    (fp_line (start 0 -1.59) (end -0.32 -1.59) (layer F.SilkS) (width 0.12))
    (fp_line (start -0.32 -1.59) (end -0.32 -5.01) (layer F.SilkS) (width 0.12))
    (fp_line (start -0.32 -5.01) (end 0 -5.09) (layer F.SilkS) (width 0.12))
    (fp_line (start 0 -5.09) (end 0.32 -5.01) (layer F.SilkS) (width 0.12))
    (fp_line (start 0.32 -5.01) (end 0.32 -1.59) (layer F.SilkS) (width 0.12))
    (fp_line (start 0.32 -1.59) (end 0 -1.59) (layer F.SilkS) (width 0.12))
    (fp_line (start 1.17 -0.59) (end 1.33 -0.59) (layer F.SilkS) (width 0.12))
    (fp_line (start 2.5 -1.59) (end 2.18 -1.59) (layer F.SilkS) (width 0.12))
    (fp_line (start 2.18 -1.59) (end 2.18 -5.01) (layer F.SilkS) (width 0.12))
    (fp_line (start 2.18 -5.01) (end 2.5 -5.09) (layer F.SilkS) (width 0.12))
    (fp_line (start 2.5 -5.09) (end 2.82 -5.01) (layer F.SilkS) (width 0.12))
    (fp_line (start 2.82 -5.01) (end 2.82 -1.59) (layer F.SilkS) (width 0.12))
    (fp_line (start 2.82 -1.59) (end 2.5 -1.59) (layer F.SilkS) (width 0.12))
    (fp_line (start 0 1.5) (end -0.3 2.1) (layer F.SilkS) (width 0.12))
    (fp_line (start -0.3 2.1) (end 0.3 2.1) (layer F.SilkS) (width 0.12))
    (fp_line (start 0.3 2.1) (end 0 1.5) (layer F.SilkS) (width 0.12))
    (fp_line (start -0.5 -0.7) (end 0 -1.407107) (layer F.Fab) (width 0.1))
    (fp_line (start 0 -1.407107) (end 0.5 -0.7) (layer F.Fab) (width 0.1))
    (pad 2 thru_hole oval (at 2.5 0) (size 1.7 2) (drill 1) (layers *.Cu *.Mask)
      (net 39 "Net-(BT1-Pad2)"))
    (pad 1 thru_hole roundrect (at 0 0) (size 1.7 2) (drill 1) (layers *.Cu *.Mask) (roundrect_rratio 0.147059)
      (net 40 "Net-(BT1-Pad1)"))
    (model ${KISYS3DMOD}/Connector_JST.3dshapes/JST_EH_S2B-EH_1x02_P2.50mm_Horizontal.wrl
      (at (xyz 0 0 0))
      (scale (xyz 1 1 1))
      (rotate (xyz 0 0 0))
    )
  )

  (module CD74HC14:Texas_Instruments-CD74HC14-Level_C (layer F.Cu) (tedit 5EF15A8E) (tstamp 60CC3F57)
    (at 133.214999 106.17 180)
    (path /60DD8DEB)
    (fp_text reference U3 (at -1.525001 -0.124999) (layer F.SilkS)
      (effects (font (size 0.800001 0.800001) (thickness 0.15)) (justify right))
    )
    (fp_text value 74HC14 (at 0 0 90) (layer F.SilkS)
      (effects (font (size 1.27 1.27) (thickness 0.15)))
    )
    (fp_line (start 3.274997 4.4) (end 3.274997 -4.4) (layer F.CrtYd) (width 0.15))
    (fp_line (start -3.275001 4.4) (end 3.274997 4.4) (layer F.CrtYd) (width 0.15))
    (fp_line (start -3.275001 -4.4) (end -3.275001 4.4) (layer F.CrtYd) (width 0.15))
    (fp_line (start 3.274997 -4.4) (end -3.275001 -4.4) (layer F.CrtYd) (width 0.15))
    (fp_line (start 3.274997 -4.4) (end 3.274997 -4.4) (layer F.CrtYd) (width 0.15))
    (fp_line (start -2.000001 4.375) (end 1.999999 4.375) (layer F.Fab) (width 0.1))
    (fp_line (start -2.000001 -4.375) (end 1.999999 -4.375) (layer F.Fab) (width 0.1))
    (fp_line (start 1.999999 4.375) (end 1.999999 -4.375) (layer F.Fab) (width 0.1))
    (fp_line (start -2.000001 4.375) (end -2.000001 -4.375) (layer F.Fab) (width 0.1))
    (fp_line (start -1.600002 4.375) (end 1.599999 4.375) (layer F.SilkS) (width 0.15))
    (fp_line (start -1.600002 -4.375) (end 1.599999 -4.375) (layer F.SilkS) (width 0.15))
    (fp_line (start 1.599999 4.375) (end 1.599999 -4.375) (layer F.SilkS) (width 0.15))
    (fp_line (start -1.600002 4.375) (end -1.600002 -4.375) (layer F.SilkS) (width 0.15))
    (fp_circle (center -1.1 -3.500001) (end -0.600001 -3.500001) (layer F.Fab) (width 0.1))
    (fp_circle (center -0.600001 -3.400001) (end -0.300002 -3.400001) (layer F.SilkS) (width 0.599999))
    (fp_circle (center -2.625001 -4.635) (end -2.5 -4.635) (layer F.SilkS) (width 0.249999))
    (pad 1 smd roundrect (at -2.625001 -3.81 90) (size 0.549999 1.25) (layers F.Cu F.Paste F.Mask) (roundrect_rratio 0.3599970182)
      (net 4 "Net-(C5-Pad1)"))
    (pad 2 smd roundrect (at -2.625001 -2.54 90) (size 0.549999 1.25) (layers F.Cu F.Paste F.Mask) (roundrect_rratio 0.3599970182)
      (net 34 "Net-(U2-Pad32)"))
    (pad 3 smd roundrect (at -2.625001 -1.27 90) (size 0.549999 1.25) (layers F.Cu F.Paste F.Mask) (roundrect_rratio 0.3599970182)
      (net 5 "Net-(C6-Pad1)"))
    (pad 4 smd roundrect (at -2.625001 -0.000001 90) (size 0.549999 1.25) (layers F.Cu F.Paste F.Mask) (roundrect_rratio 0.3599970182)
      (net 20 "Net-(U2-Pad1)"))
    (pad 5 smd roundrect (at -2.625001 1.27 90) (size 0.549999 1.25) (layers F.Cu F.Paste F.Mask) (roundrect_rratio 0.3599970182)
      (net 6 "Net-(C7-Pad1)"))
    (pad 6 smd roundrect (at -2.625001 2.54 90) (size 0.549999 1.25) (layers F.Cu F.Paste F.Mask) (roundrect_rratio 0.3599970182)
      (net 21 "Net-(U2-Pad2)"))
    (pad 7 smd roundrect (at -2.625001 3.81 90) (size 0.549999 1.25) (layers F.Cu F.Paste F.Mask) (roundrect_rratio 0.3599970182)
      (net 39 "Net-(BT1-Pad2)"))
    (pad 14 smd roundrect (at 2.624999 -3.81 90) (size 0.549999 1.25) (layers F.Cu F.Paste F.Mask) (roundrect_rratio 0.3599970182)
      (net 40 "Net-(BT1-Pad1)"))
    (pad 13 smd roundrect (at 2.624999 -2.54 90) (size 0.549999 1.25) (layers F.Cu F.Paste F.Mask) (roundrect_rratio 0.3599970182))
    (pad 12 smd roundrect (at 2.624999 -1.27 90) (size 0.549999 1.25) (layers F.Cu F.Paste F.Mask) (roundrect_rratio 0.3599970182))
    (pad 11 smd roundrect (at 2.624999 -0.000001 90) (size 0.549999 1.25) (layers F.Cu F.Paste F.Mask) (roundrect_rratio 0.3599970182))
    (pad 10 smd roundrect (at 2.624999 1.27 90) (size 0.549999 1.25) (layers F.Cu F.Paste F.Mask) (roundrect_rratio 0.3599970182))
    (pad 9 smd roundrect (at 2.624999 2.54 90) (size 0.549999 1.25) (layers F.Cu F.Paste F.Mask) (roundrect_rratio 0.3599970182)
      (net 7 "Net-(C8-Pad1)"))
    (pad 8 smd roundrect (at 2.624999 3.81 90) (size 0.549999 1.25) (layers F.Cu F.Paste F.Mask) (roundrect_rratio 0.3599970182)
      (net 22 "Net-(U2-Pad9)"))
  )

  (module TestPoint:TestPoint_Pad_2.0x2.0mm (layer F.Cu) (tedit 5A0F774F) (tstamp 60CD654E)
    (at 136.825 83.955)
    (descr "SMD rectangular pad as test Point, square 2.0mm side length")
    (tags "test point SMD pad rectangle square")
    (path /60E0B447)
    (attr virtual)
    (fp_text reference TP2 (at 0 -1.998) (layer F.SilkS)
      (effects (font (size 1 1) (thickness 0.15)))
    )
    (fp_text value TestPoint (at 0 2.05) (layer F.Fab)
      (effects (font (size 1 1) (thickness 0.15)))
    )
    (fp_line (start 1.5 1.5) (end -1.5 1.5) (layer F.CrtYd) (width 0.05))
    (fp_line (start 1.5 1.5) (end 1.5 -1.5) (layer F.CrtYd) (width 0.05))
    (fp_line (start -1.5 -1.5) (end -1.5 1.5) (layer F.CrtYd) (width 0.05))
    (fp_line (start -1.5 -1.5) (end 1.5 -1.5) (layer F.CrtYd) (width 0.05))
    (fp_line (start -1.2 1.2) (end -1.2 -1.2) (layer F.SilkS) (width 0.12))
    (fp_line (start 1.2 1.2) (end -1.2 1.2) (layer F.SilkS) (width 0.12))
    (fp_line (start 1.2 -1.2) (end 1.2 1.2) (layer F.SilkS) (width 0.12))
    (fp_line (start -1.2 -1.2) (end 1.2 -1.2) (layer F.SilkS) (width 0.12))
    (fp_text user %R (at 0 -2) (layer F.Fab)
      (effects (font (size 1 1) (thickness 0.15)))
    )
    (pad 1 smd rect (at 0 0) (size 2 2) (layers F.Cu F.Mask)
      (net 40 "Net-(BT1-Pad1)"))
  )

  (module TestPoint:TestPoint_Pad_2.0x2.0mm (layer F.Cu) (tedit 5A0F774F) (tstamp 60CD6540)
    (at 151.225 84.505)
    (descr "SMD rectangular pad as test Point, square 2.0mm side length")
    (tags "test point SMD pad rectangle square")
    (path /60DF538A)
    (attr virtual)
    (fp_text reference TP1 (at 0 -1.998) (layer F.SilkS)
      (effects (font (size 1 1) (thickness 0.15)))
    )
    (fp_text value TestPoint (at 0 2.05) (layer F.Fab)
      (effects (font (size 1 1) (thickness 0.15)))
    )
    (fp_line (start 1.5 1.5) (end -1.5 1.5) (layer F.CrtYd) (width 0.05))
    (fp_line (start 1.5 1.5) (end 1.5 -1.5) (layer F.CrtYd) (width 0.05))
    (fp_line (start -1.5 -1.5) (end -1.5 1.5) (layer F.CrtYd) (width 0.05))
    (fp_line (start -1.5 -1.5) (end 1.5 -1.5) (layer F.CrtYd) (width 0.05))
    (fp_line (start -1.2 1.2) (end -1.2 -1.2) (layer F.SilkS) (width 0.12))
    (fp_line (start 1.2 1.2) (end -1.2 1.2) (layer F.SilkS) (width 0.12))
    (fp_line (start 1.2 -1.2) (end 1.2 1.2) (layer F.SilkS) (width 0.12))
    (fp_line (start -1.2 -1.2) (end 1.2 -1.2) (layer F.SilkS) (width 0.12))
    (fp_text user %R (at 0 -2) (layer F.Fab)
      (effects (font (size 1 1) (thickness 0.15)))
    )
    (pad 1 smd rect (at 0 0) (size 2 2) (layers F.Cu F.Mask)
      (net 39 "Net-(BT1-Pad2)"))
  )

  (module Nokia5110:Nokia_5110-3310_LCD-F.Paste-B.Paste (layer B.Cu) (tedit 60CB3D57) (tstamp 60CC3EFE)
    (at 144.44 120.9)
    (path /60C2F026)
    (fp_text reference U1 (at 0 -6) (layer B.SilkS)
      (effects (font (size 1 1) (thickness 0.15)) (justify mirror))
    )
    (fp_text value Nokia_5110_LCD (at 0 -8) (layer B.Fab)
      (effects (font (size 1 1) (thickness 0.15)) (justify mirror))
    )
    (fp_line (start -20 0) (end 20 0) (layer B.SilkS) (width 0.15))
    (fp_line (start 20 -34.75) (end -20 -34.75) (layer B.SilkS) (width 0.15))
    (fp_line (start -17.5 -15) (end -20 -15) (layer B.SilkS) (width 0.15))
    (fp_line (start -17.5 -11) (end -17.5 -15) (layer B.SilkS) (width 0.15))
    (fp_line (start -20 -11) (end -17.5 -11) (layer B.SilkS) (width 0.15))
    (fp_line (start 17.5 -15) (end 20 -15) (layer B.SilkS) (width 0.15))
    (fp_line (start 17.5 -11) (end 17.5 -15) (layer B.SilkS) (width 0.15))
    (fp_line (start 20 -11) (end 17.5 -11) (layer B.SilkS) (width 0.15))
    (fp_line (start -17.5 -28) (end -20 -28) (layer B.SilkS) (width 0.15))
    (fp_line (start -17.5 -24) (end -17.5 -28) (layer B.SilkS) (width 0.15))
    (fp_line (start -20 -24) (end -17.5 -24) (layer B.SilkS) (width 0.15))
    (fp_line (start 17.5 -28) (end 20 -28) (layer B.SilkS) (width 0.15))
    (fp_line (start 17.5 -24) (end 17.5 -28) (layer B.SilkS) (width 0.15))
    (fp_line (start 20 -24) (end 17.5 -24) (layer B.SilkS) (width 0.15))
    (fp_line (start 20 0) (end 20 -34.75) (layer B.SilkS) (width 0.15))
    (fp_line (start -20 0) (end -20 -34.75) (layer B.SilkS) (width 0.15))
    (pad "" np_thru_hole circle (at 20.25 -23) (size 1.5 1.5) (drill 1.5) (layers *.Mask F.Cu B.SilkS))
    (pad "" np_thru_hole circle (at 20.25 -21.75) (size 1.5 1.5) (drill 1.5) (layers *.Mask F.Cu B.SilkS))
    (pad "" np_thru_hole circle (at -20.25 -23.25) (size 1.5 1.5) (drill 1.5) (layers *.Mask F.Cu B.SilkS))
    (pad "" np_thru_hole circle (at -20.25 -22) (size 1.5 1.5) (drill 1.5) (layers *.Mask F.Cu B.SilkS))
    (pad "" np_thru_hole circle (at -20.25 -23.75) (size 1.5 1.5) (drill 1.5) (layers *.Mask F.Cu B.SilkS))
    (pad "" np_thru_hole circle (at -20.25 -21.25) (size 1.5 1.5) (drill 1.5) (layers *.Mask F.Cu B.SilkS))
    (pad "" np_thru_hole circle (at -20.25 -3.75) (size 1.5 1.5) (drill 1.5) (layers *.Mask F.Cu B.SilkS))
    (pad "" np_thru_hole circle (at -20.25 -3.25) (size 1.5 1.5) (drill 1.5) (layers *.Mask F.Cu B.SilkS))
    (pad "" np_thru_hole circle (at -20.25 -1.25) (size 1.5 1.5) (drill 1.5) (layers *.Mask F.Cu B.SilkS))
    (pad "" np_thru_hole circle (at -20.25 -1.75) (size 1.5 1.5) (drill 1.5) (layers *.Mask F.Cu B.SilkS))
    (pad "" np_thru_hole circle (at 20.25 -23.75) (size 1.5 1.5) (drill 1.5) (layers *.Mask F.Cu B.SilkS))
    (pad "" np_thru_hole circle (at 20.25 -21.25) (size 1.5 1.5) (drill 1.5) (layers *.Mask F.Cu B.SilkS))
    (pad "" np_thru_hole circle (at 20.25 -3) (size 1.5 1.5) (drill 1.5) (layers *.Mask F.Cu B.SilkS))
    (pad "" smd rect (at 19 -2.5) (size 1.5 3) (layers F.Cu F.Paste F.Mask))
    (pad "" smd rect (at 19 -22.5) (size 1.5 3) (layers F.Cu F.Paste F.Mask))
    (pad "" smd rect (at -19 -22.5) (size 1.5 3) (layers F.Cu F.Paste F.Mask))
    (pad "" smd rect (at -19 -2.5) (size 1.5 3) (layers F.Cu F.Paste F.Mask))
    (pad "" np_thru_hole oval (at 20.25 -22.5) (size 2 4.5) (drill 1.5) (layers *.Mask F.Cu B.SilkS))
    (pad "" np_thru_hole oval (at -20.25 -22.5) (size 2 4.5) (drill 1.5) (layers *.Mask F.Cu B.SilkS))
    (pad "" np_thru_hole oval (at 20.25 -2.5) (size 2 4.5) (drill 1.5) (layers *.Mask F.Cu B.SilkS))
    (pad "" np_thru_hole oval (at -20.25 -2.5) (size 2 4.5) (drill 1.5) (layers *.Mask F.Cu B.SilkS))
    (pad 9 smd rect (at 4 -2.5) (size 0.6 3) (layers B.Cu B.Paste B.Mask)
      (net 40 "Net-(BT1-Pad1)"))
    (pad 8 smd rect (at 3 -2.5) (size 0.6 3) (layers B.Cu B.Paste B.Mask)
      (net 12 "Net-(J1-Pad3)"))
    (pad 7 smd rect (at 2 -2.5) (size 0.6 3) (layers B.Cu B.Paste B.Mask)
      (net 13 "Net-(J1-Pad4)"))
    (pad 6 smd rect (at 1 -2.5) (size 0.6 3) (layers B.Cu B.Paste B.Mask)
      (net 17 "Net-(U1-Pad6)"))
    (pad 1 smd rect (at -4 -2.5) (size 0.6 3) (layers B.Cu B.Paste B.Mask)
      (net 18 "Net-(U1-Pad1)"))
    (pad 2 smd rect (at -3 -2.5) (size 0.6 3) (layers B.Cu B.Paste B.Mask)
      (net 1 "Net-(C1-Pad2)"))
    (pad 5 smd rect (at 0 -2.5) (size 0.6 3) (layers B.Cu B.Paste B.Mask)
      (net 19 "Net-(U1-Pad5)"))
    (pad 4 smd rect (at -1 -2.5) (size 0.6 3) (layers B.Cu B.Paste B.Mask)
      (net 40 "Net-(BT1-Pad1)"))
    (pad 3 smd rect (at -2 -2.5) (size 0.6 3) (layers B.Cu B.Paste B.Mask)
      (net 39 "Net-(BT1-Pad2)"))
    (pad "" np_thru_hole circle (at 20.25 -1.25) (size 1.5 1.5) (drill 1.5) (layers *.Mask F.Cu B.SilkS))
    (pad "" np_thru_hole circle (at 20.25 -3.75) (size 1.5 1.5) (drill 1.5) (layers *.Mask F.Cu B.SilkS))
    (pad "" np_thru_hole circle (at 20.25 -1.75) (size 1.5 1.5) (drill 1.5) (layers *.Mask F.Cu B.SilkS))
  )

  (module Capacitor_SMD:C_0805_2012Metric_Pad1.18x1.45mm_HandSolder (layer B.Cu) (tedit 5F68FEEF) (tstamp 60CC3CA4)
    (at 142.0825 122 180)
    (descr "Capacitor SMD 0805 (2012 Metric), square (rectangular) end terminal, IPC_7351 nominal with elongated pad for handsoldering. (Body size source: IPC-SM-782 page 76, https://www.pcb-3d.com/wordpress/wp-content/uploads/ipc-sm-782a_amendment_1_and_2.pdf, https://docs.google.com/spreadsheets/d/1BsfQQcO9C6DZCsRaXUlFlo91Tg2WpOkGARC1WS5S8t0/edit?usp=sharing), generated with kicad-footprint-generator")
    (tags "capacitor handsolder")
    (path /60C3DE26)
    (attr smd)
    (fp_text reference C1 (at -3.0675 -0.08) (layer B.SilkS)
      (effects (font (size 1 1) (thickness 0.15)) (justify mirror))
    )
    (fp_text value 0.1u (at 0 -1.68) (layer B.Fab)
      (effects (font (size 1 1) (thickness 0.15)) (justify mirror))
    )
    (fp_line (start -1 -0.625) (end -1 0.625) (layer B.Fab) (width 0.1))
    (fp_line (start -1 0.625) (end 1 0.625) (layer B.Fab) (width 0.1))
    (fp_line (start 1 0.625) (end 1 -0.625) (layer B.Fab) (width 0.1))
    (fp_line (start 1 -0.625) (end -1 -0.625) (layer B.Fab) (width 0.1))
    (fp_line (start -0.261252 0.735) (end 0.261252 0.735) (layer B.SilkS) (width 0.12))
    (fp_line (start -0.261252 -0.735) (end 0.261252 -0.735) (layer B.SilkS) (width 0.12))
    (fp_line (start -1.88 -0.98) (end -1.88 0.98) (layer B.CrtYd) (width 0.05))
    (fp_line (start -1.88 0.98) (end 1.88 0.98) (layer B.CrtYd) (width 0.05))
    (fp_line (start 1.88 0.98) (end 1.88 -0.98) (layer B.CrtYd) (width 0.05))
    (fp_line (start 1.88 -0.98) (end -1.88 -0.98) (layer B.CrtYd) (width 0.05))
    (fp_text user %R (at 0 0) (layer B.Fab)
      (effects (font (size 0.5 0.5) (thickness 0.08)) (justify mirror))
    )
    (pad 2 smd roundrect (at 1.0375 0 180) (size 1.175 1.45) (layers B.Cu B.Paste B.Mask) (roundrect_rratio 0.212766)
      (net 1 "Net-(C1-Pad2)"))
    (pad 1 smd roundrect (at -1.0375 0 180) (size 1.175 1.45) (layers B.Cu B.Paste B.Mask) (roundrect_rratio 0.212766)
      (net 39 "Net-(BT1-Pad2)"))
    (model ${KISYS3DMOD}/Capacitor_SMD.3dshapes/C_0805_2012Metric.wrl
      (at (xyz 0 0 0))
      (scale (xyz 1 1 1))
      (rotate (xyz 0 0 0))
    )
  )

  (module Capacitor_SMD:C_0805_2012Metric_Pad1.18x1.45mm_HandSolder (layer F.Cu) (tedit 5F68FEEF) (tstamp 60CC3CB5)
    (at 137.175 116.455 90)
    (descr "Capacitor SMD 0805 (2012 Metric), square (rectangular) end terminal, IPC_7351 nominal with elongated pad for handsoldering. (Body size source: IPC-SM-782 page 76, https://www.pcb-3d.com/wordpress/wp-content/uploads/ipc-sm-782a_amendment_1_and_2.pdf, https://docs.google.com/spreadsheets/d/1BsfQQcO9C6DZCsRaXUlFlo91Tg2WpOkGARC1WS5S8t0/edit?usp=sharing), generated with kicad-footprint-generator")
    (tags "capacitor handsolder")
    (path /60C0E9E7)
    (attr smd)
    (fp_text reference C2 (at 0 -1.68 90) (layer F.SilkS)
      (effects (font (size 1 1) (thickness 0.15)))
    )
    (fp_text value 22p (at 0 1.68 90) (layer F.Fab)
      (effects (font (size 1 1) (thickness 0.15)))
    )
    (fp_line (start 1.88 0.98) (end -1.88 0.98) (layer F.CrtYd) (width 0.05))
    (fp_line (start 1.88 -0.98) (end 1.88 0.98) (layer F.CrtYd) (width 0.05))
    (fp_line (start -1.88 -0.98) (end 1.88 -0.98) (layer F.CrtYd) (width 0.05))
    (fp_line (start -1.88 0.98) (end -1.88 -0.98) (layer F.CrtYd) (width 0.05))
    (fp_line (start -0.261252 0.735) (end 0.261252 0.735) (layer F.SilkS) (width 0.12))
    (fp_line (start -0.261252 -0.735) (end 0.261252 -0.735) (layer F.SilkS) (width 0.12))
    (fp_line (start 1 0.625) (end -1 0.625) (layer F.Fab) (width 0.1))
    (fp_line (start 1 -0.625) (end 1 0.625) (layer F.Fab) (width 0.1))
    (fp_line (start -1 -0.625) (end 1 -0.625) (layer F.Fab) (width 0.1))
    (fp_line (start -1 0.625) (end -1 -0.625) (layer F.Fab) (width 0.1))
    (fp_text user %R (at 0 0 90) (layer F.Fab)
      (effects (font (size 0.5 0.5) (thickness 0.08)))
    )
    (pad 1 smd roundrect (at -1.0375 0 90) (size 1.175 1.45) (layers F.Cu F.Paste F.Mask) (roundrect_rratio 0.212766)
      (net 39 "Net-(BT1-Pad2)"))
    (pad 2 smd roundrect (at 1.0375 0 90) (size 1.175 1.45) (layers F.Cu F.Paste F.Mask) (roundrect_rratio 0.212766)
      (net 2 "Net-(C2-Pad2)"))
    (model ${KISYS3DMOD}/Capacitor_SMD.3dshapes/C_0805_2012Metric.wrl
      (at (xyz 0 0 0))
      (scale (xyz 1 1 1))
      (rotate (xyz 0 0 0))
    )
  )

  (module Capacitor_SMD:C_0805_2012Metric_Pad1.18x1.45mm_HandSolder (layer F.Cu) (tedit 5F68FEEF) (tstamp 60CC3CC6)
    (at 132.55 117.63)
    (descr "Capacitor SMD 0805 (2012 Metric), square (rectangular) end terminal, IPC_7351 nominal with elongated pad for handsoldering. (Body size source: IPC-SM-782 page 76, https://www.pcb-3d.com/wordpress/wp-content/uploads/ipc-sm-782a_amendment_1_and_2.pdf, https://docs.google.com/spreadsheets/d/1BsfQQcO9C6DZCsRaXUlFlo91Tg2WpOkGARC1WS5S8t0/edit?usp=sharing), generated with kicad-footprint-generator")
    (tags "capacitor handsolder")
    (path /60C0E2CA)
    (attr smd)
    (fp_text reference C3 (at 0.625 2.025) (layer F.SilkS)
      (effects (font (size 1 1) (thickness 0.15)))
    )
    (fp_text value 22p (at 0 1.68) (layer F.Fab)
      (effects (font (size 1 1) (thickness 0.15)))
    )
    (fp_line (start 1.88 0.98) (end -1.88 0.98) (layer F.CrtYd) (width 0.05))
    (fp_line (start 1.88 -0.98) (end 1.88 0.98) (layer F.CrtYd) (width 0.05))
    (fp_line (start -1.88 -0.98) (end 1.88 -0.98) (layer F.CrtYd) (width 0.05))
    (fp_line (start -1.88 0.98) (end -1.88 -0.98) (layer F.CrtYd) (width 0.05))
    (fp_line (start -0.261252 0.735) (end 0.261252 0.735) (layer F.SilkS) (width 0.12))
    (fp_line (start -0.261252 -0.735) (end 0.261252 -0.735) (layer F.SilkS) (width 0.12))
    (fp_line (start 1 0.625) (end -1 0.625) (layer F.Fab) (width 0.1))
    (fp_line (start 1 -0.625) (end 1 0.625) (layer F.Fab) (width 0.1))
    (fp_line (start -1 -0.625) (end 1 -0.625) (layer F.Fab) (width 0.1))
    (fp_line (start -1 0.625) (end -1 -0.625) (layer F.Fab) (width 0.1))
    (fp_text user %R (at 0 0) (layer F.Fab)
      (effects (font (size 0.5 0.5) (thickness 0.08)))
    )
    (pad 1 smd roundrect (at -1.0375 0) (size 1.175 1.45) (layers F.Cu F.Paste F.Mask) (roundrect_rratio 0.212766)
      (net 39 "Net-(BT1-Pad2)"))
    (pad 2 smd roundrect (at 1.0375 0) (size 1.175 1.45) (layers F.Cu F.Paste F.Mask) (roundrect_rratio 0.212766)
      (net 3 "Net-(C3-Pad2)"))
    (model ${KISYS3DMOD}/Capacitor_SMD.3dshapes/C_0805_2012Metric.wrl
      (at (xyz 0 0 0))
      (scale (xyz 1 1 1))
      (rotate (xyz 0 0 0))
    )
  )

  (module Capacitor_SMD:C_0805_2012Metric_Pad1.18x1.45mm_HandSolder (layer F.Cu) (tedit 5F68FEEF) (tstamp 60CC3CD7)
    (at 143.7125 84.605)
    (descr "Capacitor SMD 0805 (2012 Metric), square (rectangular) end terminal, IPC_7351 nominal with elongated pad for handsoldering. (Body size source: IPC-SM-782 page 76, https://www.pcb-3d.com/wordpress/wp-content/uploads/ipc-sm-782a_amendment_1_and_2.pdf, https://docs.google.com/spreadsheets/d/1BsfQQcO9C6DZCsRaXUlFlo91Tg2WpOkGARC1WS5S8t0/edit?usp=sharing), generated with kicad-footprint-generator")
    (tags "capacitor handsolder")
    (path /61205DD1)
    (attr smd)
    (fp_text reference C4 (at 0 -1.68) (layer F.SilkS)
      (effects (font (size 1 1) (thickness 0.15)))
    )
    (fp_text value 10u (at 0 1.68) (layer F.Fab)
      (effects (font (size 1 1) (thickness 0.15)))
    )
    (fp_line (start 1.88 0.98) (end -1.88 0.98) (layer F.CrtYd) (width 0.05))
    (fp_line (start 1.88 -0.98) (end 1.88 0.98) (layer F.CrtYd) (width 0.05))
    (fp_line (start -1.88 -0.98) (end 1.88 -0.98) (layer F.CrtYd) (width 0.05))
    (fp_line (start -1.88 0.98) (end -1.88 -0.98) (layer F.CrtYd) (width 0.05))
    (fp_line (start -0.261252 0.735) (end 0.261252 0.735) (layer F.SilkS) (width 0.12))
    (fp_line (start -0.261252 -0.735) (end 0.261252 -0.735) (layer F.SilkS) (width 0.12))
    (fp_line (start 1 0.625) (end -1 0.625) (layer F.Fab) (width 0.1))
    (fp_line (start 1 -0.625) (end 1 0.625) (layer F.Fab) (width 0.1))
    (fp_line (start -1 -0.625) (end 1 -0.625) (layer F.Fab) (width 0.1))
    (fp_line (start -1 0.625) (end -1 -0.625) (layer F.Fab) (width 0.1))
    (fp_text user %R (at 0 0) (layer F.Fab)
      (effects (font (size 0.5 0.5) (thickness 0.08)))
    )
    (pad 1 smd roundrect (at -1.0375 0) (size 1.175 1.45) (layers F.Cu F.Paste F.Mask) (roundrect_rratio 0.212766)
      (net 40 "Net-(BT1-Pad1)"))
    (pad 2 smd roundrect (at 1.0375 0) (size 1.175 1.45) (layers F.Cu F.Paste F.Mask) (roundrect_rratio 0.212766)
      (net 39 "Net-(BT1-Pad2)"))
    (model ${KISYS3DMOD}/Capacitor_SMD.3dshapes/C_0805_2012Metric.wrl
      (at (xyz 0 0 0))
      (scale (xyz 1 1 1))
      (rotate (xyz 0 0 0))
    )
  )

  (module Capacitor_SMD:C_0805_2012Metric_Pad1.18x1.45mm_HandSolder (layer F.Cu) (tedit 5F68FEEF) (tstamp 60CC3CE8)
    (at 157.15 88.4175 270)
    (descr "Capacitor SMD 0805 (2012 Metric), square (rectangular) end terminal, IPC_7351 nominal with elongated pad for handsoldering. (Body size source: IPC-SM-782 page 76, https://www.pcb-3d.com/wordpress/wp-content/uploads/ipc-sm-782a_amendment_1_and_2.pdf, https://docs.google.com/spreadsheets/d/1BsfQQcO9C6DZCsRaXUlFlo91Tg2WpOkGARC1WS5S8t0/edit?usp=sharing), generated with kicad-footprint-generator")
    (tags "capacitor handsolder")
    (path /610BC931)
    (attr smd)
    (fp_text reference C5 (at 0 2.21) (layer F.SilkS)
      (effects (font (size 1 1) (thickness 0.15)))
    )
    (fp_text value 0.1u (at 0 1.68 90) (layer F.Fab)
      (effects (font (size 1 1) (thickness 0.15)))
    )
    (fp_line (start -1 0.625) (end -1 -0.625) (layer F.Fab) (width 0.1))
    (fp_line (start -1 -0.625) (end 1 -0.625) (layer F.Fab) (width 0.1))
    (fp_line (start 1 -0.625) (end 1 0.625) (layer F.Fab) (width 0.1))
    (fp_line (start 1 0.625) (end -1 0.625) (layer F.Fab) (width 0.1))
    (fp_line (start -0.261252 -0.735) (end 0.261252 -0.735) (layer F.SilkS) (width 0.12))
    (fp_line (start -0.261252 0.735) (end 0.261252 0.735) (layer F.SilkS) (width 0.12))
    (fp_line (start -1.88 0.98) (end -1.88 -0.98) (layer F.CrtYd) (width 0.05))
    (fp_line (start -1.88 -0.98) (end 1.88 -0.98) (layer F.CrtYd) (width 0.05))
    (fp_line (start 1.88 -0.98) (end 1.88 0.98) (layer F.CrtYd) (width 0.05))
    (fp_line (start 1.88 0.98) (end -1.88 0.98) (layer F.CrtYd) (width 0.05))
    (fp_text user %R (at 0 0 90) (layer F.Fab)
      (effects (font (size 0.5 0.5) (thickness 0.08)))
    )
    (pad 2 smd roundrect (at 1.0375 0 270) (size 1.175 1.45) (layers F.Cu F.Paste F.Mask) (roundrect_rratio 0.212766)
      (net 39 "Net-(BT1-Pad2)"))
    (pad 1 smd roundrect (at -1.0375 0 270) (size 1.175 1.45) (layers F.Cu F.Paste F.Mask) (roundrect_rratio 0.212766)
      (net 4 "Net-(C5-Pad1)"))
    (model ${KISYS3DMOD}/Capacitor_SMD.3dshapes/C_0805_2012Metric.wrl
      (at (xyz 0 0 0))
      (scale (xyz 1 1 1))
      (rotate (xyz 0 0 0))
    )
  )

  (module Capacitor_SMD:C_0805_2012Metric_Pad1.18x1.45mm_HandSolder (layer F.Cu) (tedit 5F68FEEF) (tstamp 60CC3CF9)
    (at 131.25 88.83 270)
    (descr "Capacitor SMD 0805 (2012 Metric), square (rectangular) end terminal, IPC_7351 nominal with elongated pad for handsoldering. (Body size source: IPC-SM-782 page 76, https://www.pcb-3d.com/wordpress/wp-content/uploads/ipc-sm-782a_amendment_1_and_2.pdf, https://docs.google.com/spreadsheets/d/1BsfQQcO9C6DZCsRaXUlFlo91Tg2WpOkGARC1WS5S8t0/edit?usp=sharing), generated with kicad-footprint-generator")
    (tags "capacitor handsolder")
    (path /610E413A)
    (attr smd)
    (fp_text reference C6 (at 0 -1.68 90) (layer F.SilkS)
      (effects (font (size 1 1) (thickness 0.15)))
    )
    (fp_text value 0.1u (at 0 1.68 90) (layer F.Fab)
      (effects (font (size 1 1) (thickness 0.15)))
    )
    (fp_line (start -1 0.625) (end -1 -0.625) (layer F.Fab) (width 0.1))
    (fp_line (start -1 -0.625) (end 1 -0.625) (layer F.Fab) (width 0.1))
    (fp_line (start 1 -0.625) (end 1 0.625) (layer F.Fab) (width 0.1))
    (fp_line (start 1 0.625) (end -1 0.625) (layer F.Fab) (width 0.1))
    (fp_line (start -0.261252 -0.735) (end 0.261252 -0.735) (layer F.SilkS) (width 0.12))
    (fp_line (start -0.261252 0.735) (end 0.261252 0.735) (layer F.SilkS) (width 0.12))
    (fp_line (start -1.88 0.98) (end -1.88 -0.98) (layer F.CrtYd) (width 0.05))
    (fp_line (start -1.88 -0.98) (end 1.88 -0.98) (layer F.CrtYd) (width 0.05))
    (fp_line (start 1.88 -0.98) (end 1.88 0.98) (layer F.CrtYd) (width 0.05))
    (fp_line (start 1.88 0.98) (end -1.88 0.98) (layer F.CrtYd) (width 0.05))
    (fp_text user %R (at 0 0 90) (layer F.Fab)
      (effects (font (size 0.5 0.5) (thickness 0.08)))
    )
    (pad 2 smd roundrect (at 1.0375 0 270) (size 1.175 1.45) (layers F.Cu F.Paste F.Mask) (roundrect_rratio 0.212766)
      (net 39 "Net-(BT1-Pad2)"))
    (pad 1 smd roundrect (at -1.0375 0 270) (size 1.175 1.45) (layers F.Cu F.Paste F.Mask) (roundrect_rratio 0.212766)
      (net 5 "Net-(C6-Pad1)"))
    (model ${KISYS3DMOD}/Capacitor_SMD.3dshapes/C_0805_2012Metric.wrl
      (at (xyz 0 0 0))
      (scale (xyz 1 1 1))
      (rotate (xyz 0 0 0))
    )
  )

  (module Capacitor_SMD:C_0805_2012Metric_Pad1.18x1.45mm_HandSolder (layer F.Cu) (tedit 5F68FEEF) (tstamp 60CC3D0A)
    (at 128.05 111.855 270)
    (descr "Capacitor SMD 0805 (2012 Metric), square (rectangular) end terminal, IPC_7351 nominal with elongated pad for handsoldering. (Body size source: IPC-SM-782 page 76, https://www.pcb-3d.com/wordpress/wp-content/uploads/ipc-sm-782a_amendment_1_and_2.pdf, https://docs.google.com/spreadsheets/d/1BsfQQcO9C6DZCsRaXUlFlo91Tg2WpOkGARC1WS5S8t0/edit?usp=sharing), generated with kicad-footprint-generator")
    (tags "capacitor handsolder")
    (path /610E4B92)
    (attr smd)
    (fp_text reference C7 (at 0 -1.68 90) (layer F.SilkS)
      (effects (font (size 1 1) (thickness 0.15)))
    )
    (fp_text value 0.1u (at 0 1.68 90) (layer F.Fab)
      (effects (font (size 1 1) (thickness 0.15)))
    )
    (fp_line (start 1.88 0.98) (end -1.88 0.98) (layer F.CrtYd) (width 0.05))
    (fp_line (start 1.88 -0.98) (end 1.88 0.98) (layer F.CrtYd) (width 0.05))
    (fp_line (start -1.88 -0.98) (end 1.88 -0.98) (layer F.CrtYd) (width 0.05))
    (fp_line (start -1.88 0.98) (end -1.88 -0.98) (layer F.CrtYd) (width 0.05))
    (fp_line (start -0.261252 0.735) (end 0.261252 0.735) (layer F.SilkS) (width 0.12))
    (fp_line (start -0.261252 -0.735) (end 0.261252 -0.735) (layer F.SilkS) (width 0.12))
    (fp_line (start 1 0.625) (end -1 0.625) (layer F.Fab) (width 0.1))
    (fp_line (start 1 -0.625) (end 1 0.625) (layer F.Fab) (width 0.1))
    (fp_line (start -1 -0.625) (end 1 -0.625) (layer F.Fab) (width 0.1))
    (fp_line (start -1 0.625) (end -1 -0.625) (layer F.Fab) (width 0.1))
    (fp_text user %R (at 0 0 90) (layer F.Fab)
      (effects (font (size 0.5 0.5) (thickness 0.08)))
    )
    (pad 1 smd roundrect (at -1.0375 0 270) (size 1.175 1.45) (layers F.Cu F.Paste F.Mask) (roundrect_rratio 0.212766)
      (net 6 "Net-(C7-Pad1)"))
    (pad 2 smd roundrect (at 1.0375 0 270) (size 1.175 1.45) (layers F.Cu F.Paste F.Mask) (roundrect_rratio 0.212766)
      (net 39 "Net-(BT1-Pad2)"))
    (model ${KISYS3DMOD}/Capacitor_SMD.3dshapes/C_0805_2012Metric.wrl
      (at (xyz 0 0 0))
      (scale (xyz 1 1 1))
      (rotate (xyz 0 0 0))
    )
  )

  (module Capacitor_SMD:C_0805_2012Metric_Pad1.18x1.45mm_HandSolder (layer F.Cu) (tedit 5F68FEEF) (tstamp 60CC3D1B)
    (at 158.4 115.38 90)
    (descr "Capacitor SMD 0805 (2012 Metric), square (rectangular) end terminal, IPC_7351 nominal with elongated pad for handsoldering. (Body size source: IPC-SM-782 page 76, https://www.pcb-3d.com/wordpress/wp-content/uploads/ipc-sm-782a_amendment_1_and_2.pdf, https://docs.google.com/spreadsheets/d/1BsfQQcO9C6DZCsRaXUlFlo91Tg2WpOkGARC1WS5S8t0/edit?usp=sharing), generated with kicad-footprint-generator")
    (tags "capacitor handsolder")
    (path /610E55A4)
    (attr smd)
    (fp_text reference C8 (at 0 -1.68 90) (layer F.SilkS)
      (effects (font (size 1 1) (thickness 0.15)))
    )
    (fp_text value 0.1u (at 0 1.68 90) (layer F.Fab)
      (effects (font (size 1 1) (thickness 0.15)))
    )
    (fp_line (start -1 0.625) (end -1 -0.625) (layer F.Fab) (width 0.1))
    (fp_line (start -1 -0.625) (end 1 -0.625) (layer F.Fab) (width 0.1))
    (fp_line (start 1 -0.625) (end 1 0.625) (layer F.Fab) (width 0.1))
    (fp_line (start 1 0.625) (end -1 0.625) (layer F.Fab) (width 0.1))
    (fp_line (start -0.261252 -0.735) (end 0.261252 -0.735) (layer F.SilkS) (width 0.12))
    (fp_line (start -0.261252 0.735) (end 0.261252 0.735) (layer F.SilkS) (width 0.12))
    (fp_line (start -1.88 0.98) (end -1.88 -0.98) (layer F.CrtYd) (width 0.05))
    (fp_line (start -1.88 -0.98) (end 1.88 -0.98) (layer F.CrtYd) (width 0.05))
    (fp_line (start 1.88 -0.98) (end 1.88 0.98) (layer F.CrtYd) (width 0.05))
    (fp_line (start 1.88 0.98) (end -1.88 0.98) (layer F.CrtYd) (width 0.05))
    (fp_text user %R (at 0 0 90) (layer F.Fab)
      (effects (font (size 0.5 0.5) (thickness 0.08)))
    )
    (pad 2 smd roundrect (at 1.0375 0 90) (size 1.175 1.45) (layers F.Cu F.Paste F.Mask) (roundrect_rratio 0.212766)
      (net 39 "Net-(BT1-Pad2)"))
    (pad 1 smd roundrect (at -1.0375 0 90) (size 1.175 1.45) (layers F.Cu F.Paste F.Mask) (roundrect_rratio 0.212766)
      (net 7 "Net-(C8-Pad1)"))
    (model ${KISYS3DMOD}/Capacitor_SMD.3dshapes/C_0805_2012Metric.wrl
      (at (xyz 0 0 0))
      (scale (xyz 1 1 1))
      (rotate (xyz 0 0 0))
    )
  )

  (module LED_SMD:LED_0805_2012Metric_Pad1.15x1.40mm_HandSolder (layer B.Cu) (tedit 5F68FEF1) (tstamp 60CC3D2E)
    (at 163.18 94.945 90)
    (descr "LED SMD 0805 (2012 Metric), square (rectangular) end terminal, IPC_7351 nominal, (Body size source: https://docs.google.com/spreadsheets/d/1BsfQQcO9C6DZCsRaXUlFlo91Tg2WpOkGARC1WS5S8t0/edit?usp=sharing), generated with kicad-footprint-generator")
    (tags "LED handsolder")
    (path /60C94F66)
    (attr smd)
    (fp_text reference D1 (at 0.04 -2.23 -180) (layer B.SilkS)
      (effects (font (size 1 1) (thickness 0.15)) (justify mirror))
    )
    (fp_text value LED (at 0 -1.65 -90) (layer B.Fab)
      (effects (font (size 1 1) (thickness 0.15)) (justify mirror))
    )
    (fp_line (start 1 0.6) (end -0.7 0.6) (layer B.Fab) (width 0.1))
    (fp_line (start -0.7 0.6) (end -1 0.3) (layer B.Fab) (width 0.1))
    (fp_line (start -1 0.3) (end -1 -0.6) (layer B.Fab) (width 0.1))
    (fp_line (start -1 -0.6) (end 1 -0.6) (layer B.Fab) (width 0.1))
    (fp_line (start 1 -0.6) (end 1 0.6) (layer B.Fab) (width 0.1))
    (fp_line (start 1 0.96) (end -1.86 0.96) (layer B.SilkS) (width 0.12))
